id,src_x,src_y,ref_x,ref_y,subpixel_delta_px
0,10.527,568.969,6.383,724.063,0.000
1,13.912,449.878,12.115,604.762,0.000
2,16.690,482.309,14.469,637.449,0.000
3,19.411,578.148,14.813,733.319,0.240
4,19.961,581.617,15.643,737.922,0.847
5,22.395,998.306,9.661,1157.867,0.000
6,22.676,995.127,10.169,1154.725,0.000
7,23.158,385.017,22.917,539.562,0.673
8,23.160,532.423,19.712,687.149,0.590
9,23.160,532.423,19.712,687.149,0.590
10,23.237,511.094,19.693,665.850,1.178
11,23.348,1014.156,10.649,1173.809,0.000
12,23.387,636.220,17.593,792.089,0.049
13,23.829,469.813,21.519,625.358,0.226
14,24.542,617.978,19.650,773.905,0.104
15,24.937,597.502,20.682,754.381,0.970
16,25.108,888.806,14.614,1049.316,0.994
17,25.715,454.633,24.099,610.466,0.312
18,26.000,639.291,20.496,795.372,0.147
19,26.209,410.877,25.066,565.689,0.031
20,26.481,547.111,22.857,702.781,0.201
21,26.481,547.111,22.857,702.781,0.201
22,26.520,495.034,24.428,650.365,0.530
23,26.520,495.034,24.428,650.365,0.530
24,26.685,451.993,25.144,607.633,0.378
25,27.282,985.566,14.559,1146.344,0.938
26,27.323,939.690,16.061,1100.053,1.169
27,27.474,427.435,25.964,582.079,1.074
28,28.586,481.952,27.405,637.474,0.987
29,28.678,599.007,23.981,755.254,0.187
30,29.398,478.737,27.041,634.903,0.883
31,29.661,592.841,25.358,748.962,0.333
32,30.907,1011.828,18.275,1171.690,0.106
33,32.197,568.036,28.116,723.742,0.047
34,32.261,515.258,28.691,670.925,0.980
35,32.280,474.960,30.244,630.562,0.124
36,32.707,414.094,31.714,568.804,0.785
37,32.971,495.991,30.993,651.809,0.635
38,33.881,571.799,30.012,727.774,0.969
39,35.537,1012.516,23.514,1173.364,1.455
40,35.537,1012.516,23.514,1173.364,1.455
41,36.293,623.679,31.164,779.925,0.082
42,36.652,511.939,33.921,667.737,0.141
43,36.652,511.939,33.921,667.737,0.141
44,36.774,586.580,32.347,743.029,0.378
45,37.063,588.935,33.086,745.611,0.667
46,37.788,505.799,35.048,661.537,0.146
47,38.585,420.856,37.498,576.385,0.130
48,40.339,449.598,38.648,606.289,1.011
49,40.458,443.221,38.633,598.969,0.353
50,40.508,1013.929,27.678,1174.059,0.072
51,42.105,983.043,29.558,1143.676,1.213
52,43.506,466.570,42.143,623.320,1.398
53,43.577,462.894,41.749,618.766,0.094
54,44.696,474.621,43.459,630.898,0.971
55,44.809,423.177,43.507,578.948,0.061
56,45.145,575.481,40.925,731.127,0.754
57,45.973,553.919,42.604,710.144,0.338
58,46.842,540.766,43.829,696.906,0.398
59,47.856,441.185,46.717,597.470,0.618
60,48.447,535.073,43.897,690.531,1.216
61,48.802,527.058,45.789,683.407,0.104
62,48.802,527.058,45.789,683.407,0.104
63,50.015,432.157,49.381,587.969,0.938
64,51.968,520.130,48.956,676.263,0.105
65,54.066,402.728,53.452,559.012,0.111
66,56.064,557.575,52.826,715.083,1.043
67,57.105,984.115,44.892,1144.697,0.114
68,59.510,583.590,55.718,740.510,0.763
69,60.350,600.013,55.283,757.230,1.177
70,60.820,466.067,58.875,621.748,0.783
71,63.590,628.107,58.802,785.181,0.826
72,64.947,985.308,52.469,1146.280,0.135
73,65.041,945.580,53.717,1106.765,0.242
74,65.631,633.177,61.159,789.963,1.146
75,66.146,444.935,65.204,601.588,0.744
76,68.347,979.433,56.107,1139.630,0.924
77,68.414,549.231,64.903,706.126,0.505
78,68.910,415.786,67.681,572.424,0.132
79,72.519,401.378,72.115,558.306,0.184
80,73.104,396.304,72.228,552.627,0.213
81,74.928,983.260,62.433,1144.337,0.502
82,75.420,587.089,70.979,744.093,0.437
83,76.237,392.313,75.022,548.542,1.203
84,77.183,389.012,76.683,546.323,0.275
85,77.229,407.233,76.519,564.471,0.067
86,77.293,589.453,72.775,746.742,0.333
87,80.170,413.783,78.615,571.169,0.226
88,81.390,429.107,79.762,587.080,0.677
89,81.714,1013.760,69.101,1175.575,0.720
90,81.917,526.435,78.798,683.449,0.565
91,83.325,492.519,80.529,650.929,0.846
92,84.933,610.137,79.650,767.498,1.036
93,84.975,564.072,80.957,722.196,0.742
94,85.237,455.603,83.323,614.160,0.729
95,85.572,603.006,81.346,761.020,0.340
96,87.607,527.875,84.860,686.269,0.910
97,89.136,523.015,85.591,680.534,0.054
98,90.146,612.353,85.294,769.933,0.937
99,91.857,587.548,87.052,745.645,0.299
100,91.905,1016.986,78.749,1178.777,0.057
101,91.937,439.684,90.366,598.102,0.310
102,92.144,445.808,90.544,603.831,0.175
103,92.805,953.930,81.523,1115.651,0.250
104,93.450,408.122,91.719,566.167,0.894
105,94.142,555.478,90.206,712.575,1.009
106,94.460,550.678,90.166,708.936,0.773
107,95.515,571.017,91.551,729.779,0.358
108,96.693,469.412,94.744,626.666,0.936
109,98.820,908.184,87.686,1069.756,1.146
110,98.820,908.184,87.686,1069.756,1.146
111,98.886,459.122,97.100,617.600,0.173
112,99.652,562.057,95.891,719.864,1.373
113,99.741,449.967,97.952,608.501,0.194
114,100.101,391.414,99.355,549.066,0.907
115,102.457,479.829,99.861,638.761,0.576
116,104.293,591.507,99.604,751.225,0.965
117,105.153,615.917,100.375,774.870,0.148
118,105.422,622.091,100.228,780.857,0.076
119,105.680,948.356,94.785,1110.924,0.345
120,106.601,440.447,105.119,599.248,0.465
121,107.115,418.966,105.850,577.951,0.142
122,107.115,418.966,105.850,577.951,0.142
123,108.670,554.709,104.969,713.389,0.244
124,108.976,566.635,104.637,726.216,0.938
125,109.036,533.012,106.240,691.544,0.251
126,110.572,1013.018,98.534,1175.891,1.115
127,112.678,401.379,111.642,559.744,0.922
128,113.001,621.192,107.898,779.909,0.922
129,116.344,563.512,112.310,722.575,0.052
130,117.993,519.590,115.106,678.910,0.822
131,118.697,612.648,113.811,771.878,0.138
132,119.236,468.437,117.093,627.499,0.033
133,119.446,531.155,115.643,689.992,0.188
134,119.975,513.947,116.948,672.670,0.922
135,122.177,1002.443,109.580,1164.954,0.594
136,122.812,432.756,122.046,592.663,1.105
137,122.890,504.947,120.359,663.952,0.126
138,123.589,407.102,122.764,566.425,0.252
139,123.681,412.039,123.467,572.226,1.252
140,124.021,940.036,112.157,1102.679,1.002
141,124.137,546.477,120.260,705.279,0.324
142,124.477,936.613,112.443,1100.267,0.556
143,124.797,473.906,122.410,633.094,0.148
144,129.394,995.742,116.433,1160.170,0.858
145,129.579,405.681,129.210,566.058,0.928
146,129.835,534.336,126.425,693.361,0.173
147,131.446,570.236,127.256,729.026,0.602
148,132.003,1012.205,119.246,1174.873,0.811
149,133.993,446.093,132.471,605.595,0.492
150,134.633,424.341,134.040,584.400,0.879
151,138.003,402.840,136.926,563.044,0.128
152,138.210,951.724,125.912,1115.388,0.896
153,140.130,415.015,138.701,575.415,0.140
154,140.185,944.649,127.868,1109.359,1.188
155,140.223,602.093,135.143,761.994,1.293
156,141.349,427.331,139.759,586.624,0.965
157,142.282,393.954,140.792,554.327,0.870
158,143.204,685.997,136.605,848.020,0.491
159,144.947,375.782,144.369,536.560,0.556
160,147.353,693.124,140.520,855.119,0.443
161,148.937,498.609,146.367,658.875,0.178
162,149.293,681.981,142.505,844.331,0.506
163,149.293,681.981,142.505,844.331,0.506
164,151.251,907.008,140.396,1071.592,0.208
165,151.419,691.389,145.074,852.814,0.981
166,151.928,416.490,150.602,577.107,0.274
167,152.008,392.862,151.210,553.729,0.149
168,154.394,358.364,153.997,519.000,0.124
169,154.579,680.141,149.246,842.258,0.815
170,154.776,1002.792,142.348,1166.915,0.203
171,155.849,996.259,142.698,1160.036,1.085
172,156.188,605.597,151.613,766.468,0.136
173,156.199,512.253,152.920,672.020,0.160
174,158.292,663.671,152.100,825.686,0.018
175,158.538,355.723,159.322,516.704,0.903
176,158.601,669.912,153.352,832.016,0.896
177,160.372,556.244,155.952,716.299,0.988
178,160.941,393.007,159.926,554.307,0.083
179,161.455,671.062,155.377,833.451,0.134
180,161.883,665.567,156.407,828.555,1.438
181,162.860,436.803,161.624,598.068,0.245
182,163.195,428.147,161.612,589.492,0.559
183,163.993,513.782,161.221,675.287,0.845
184,165.885,386.389,165.447,547.372,0.766
185,165.995,1011.836,153.119,1176.465,0.140
186,166.644,617.808,161.679,780.159,0.853
187,167.035,606.021,161.493,767.356,1.104
188,167.294,624.849,161.921,786.587,0.163
189,167.915,408.942,166.864,570.865,0.554
190,168.254,380.005,166.867,541.298,0.791
191,168.533,434.987,167.039,595.739,0.846
192,169.443,417.670,168.173,579.701,0.640
193,170.526,488.405,168.390,648.966,1.120
194,172.457,978.059,160.003,1143.067,0.126
195,173.459,617.474,167.609,778.559,1.521
196,173.459,617.474,167.609,778.559,1.521
197,173.598,639.249,169.131,801.451,0.742
198,173.660,481.616,171.197,643.172,0.468
199,174.658,1008.641,161.921,1173.706,0.077
200,174.811,1000.343,162.296,1165.294,0.225
201,175.342,444.902,172.955,606.767,0.860
202,178.400,376.270,177.479,538.457,0.430
203,178.672,558.322,174.717,718.937,1.340
204,181.438,427.423,179.240,589.454,0.674
205,182.027,436.829,179.906,598.607,1.312
206,183.562,646.922,178.108,810.001,0.640
207,184.745,466.486,182.693,627.677,0.954
208,185.563,463.515,184.193,625.721,0.906
209,186.088,637.108,180.140,799.796,0.443
210,186.649,767.739,178.362,933.110,0.202
211,187.707,772.423,179.603,936.910,0.252
212,188.884,1014.962,175.839,1180.087,0.505
213,189.341,612.842,184.360,775.487,0.129
214,192.243,469.550,189.592,632.320,0.545
215,193.557,383.210,193.234,545.929,0.448
216,193.847,762.066,186.276,927.066,0.884
217,194.447,638.443,188.373,801.459,0.620
218,195.161,748.142,186.699,913.210,0.261
219,196.773,417.817,195.489,580.741,0.384
220,196.883,760.432,188.764,924.713,0.862
221,196.944,620.414,192.063,782.787,0.913
222,196.944,620.414,192.063,782.787,0.913
223,197.050,1001.092,184.474,1166.680,0.287
224,197.314,442.920,194.902,605.639,0.924
225,199.798,431.019,198.601,594.139,0.305
226,199.798,431.019,198.601,594.139,0.305
227,200.733,1007.595,187.929,1173.479,0.097
228,200.952,501.332,198.170,663.461,1.059
229,201.571,455.061,200.373,618.198,0.974
230,201.958,452.356,200.137,614.579,0.928
231,203.080,447.052,201.190,610.492,0.133
232,203.610,1000.577,191.109,1166.625,0.181
233,206.351,591.245,200.945,753.652,2.058
234,207.079,763.554,199.103,929.806,0.511
235,207.581,967.205,195.505,1133.505,0.107
236,209.472,763.911,201.332,930.052,0.565
237,210.906,492.066,208.574,655.596,0.390
238,210.906,492.066,208.574,655.596,0.390
239,211.861,747.395,204.543,912.778,0.218
240,218.136,441.653,215.772,606.323,1.334
241,219.043,761.763,210.690,927.512,0.189
242,219.043,761.763,210.690,927.512,0.189
243,219.134,567.759,214.819,731.600,0.358
244,219.375,505.742,215.628,669.906,1.008
245,219.936,770.374,211.391,936.387,0.168
246,220.995,420.486,219.049,583.626,1.098
247,221.680,478.905,219.737,642.832,0.539
248,221.690,616.889,217.230,781.150,0.810
249,221.891,736.499,214.319,901.935,0.210
250,225.571,762.934,218.269,929.261,0.870
251,227.218,494.663,224.515,659.125,0.231
252,228.360,569.552,223.591,733.756,0.396
253,228.666,583.671,224.310,748.093,0.192
254,229.915,765.924,221.446,932.628,0.424
255,230.066,505.581,227.099,670.015,0.210
256,230.425,991.200,217.319,1158.147,0.576
257,230.484,750.046,221.802,916.348,0.746
258,230.803,746.977,223.221,913.328,0.306
259,230.874,433.624,229.274,598.686,0.309
260,230.955,795.849,222.269,962.800,0.522
261,231.014,640.938,224.800,805.276,0.832
262,232.105,978.550,219.587,1145.695,0.243
263,232.356,785.254,223.233,951.322,0.866
264,232.542,471.120,230.671,635.326,0.820
265,232.782,865.475,222.668,1032.389,0.163
266,234.307,380.989,232.831,545.736,0.952
267,236.910,387.620,236.203,552.504,0.054
268,238.430,396.371,237.137,561.115,0.051
269,239.408,594.061,234.117,759.240,0.856
270,239.678,948.631,228.242,1116.119,0.207
271,240.442,741.398,231.757,906.975,1.070
272,240.534,538.568,237.339,704.254,0.901
273,240.679,748.441,232.858,914.633,0.324
274,240.884,525.616,237.869,691.030,0.843
275,243.053,390.349,242.178,554.571,0.936
276,244.120,470.307,241.139,635.141,0.573
277,244.120,470.307,241.139,635.141,0.573
278,244.609,408.858,243.777,574.348,0.703
279,246.941,534.217,243.425,699.213,0.000
280,248.939,737.509,241.331,904.461,0.000
281,249.290,851.794,239.512,1019.048,0.000
282,249.419,576.622,245.287,742.811,0.000
283,250.642,375.760,249.809,541.384,0.000
284,252.502,449.726,251.082,615.714,0.000
285,253.253,661.977,247.301,828.085,0.000
286,253.823,593.744,248.885,759.597,0.000
287,255.774,441.833,254.127,607.635,0.000
288,256.004,538.545,252.291,704.127,0.000
289,256.275,507.914,254.165,673.734,0.000
290,258.511,406.938,256.913,572.197,0.000
291,20.577,1235.582,3.695,1395.098,0.000
292,20.733,1022.908,7.825,1182.233,0.000
293,21.524,1128.946,6.533,1288.564,0.000
294,22.372,998.312,9.691,1157.876,0.000
295,22.660,1068.877,8.682,1228.442,0.000
296,22.769,995.130,10.188,1154.712,0.000
297,22.888,1307.179,4.461,1466.908,0.000
298,24.319,1225.671,7.486,1385.455,0.000
299,24.542,1342.793,5.613,1502.415,0.000
300,24.628,1370.106,4.785,1529.834,0.000
301,25.437,1240.991,8.242,1400.752,0.000
302,25.880,903.312,15.325,1062.669,0.239
303,26.071,1027.868,12.876,1187.624,0.000
304,26.182,1018.070,13.655,1177.859,0.000
305,27.033,1312.175,8.369,1471.968,0.000
306,27.033,1312.175,8.369,1471.968,0.000
307,27.236,939.620,15.979,1100.004,1.169
308,27.266,1306.690,9.141,1466.486,0.000
309,27.269,985.483,14.597,1145.257,0.233
310,27.302,1281.826,9.421,1441.666,0.000
311,27.434,1168.861,11.810,1328.761,0.000
312,27.499,1145.587,12.185,1305.359,0.000
313,27.976,1406.885,7.841,1567.114,0.000
314,27.986,1423.521,7.246,1583.120,0.000
315,28.164,1539.459,5.392,1699.139,0.000
316,28.527,1488.586,6.483,1648.612,0.000
317,28.621,1337.039,9.844,1496.772,0.000
318,28.810,1341.019,10.245,1500.962,0.000
319,28.844,1453.604,7.925,1613.378,0.000
320,29.128,1600.780,5.292,1760.295,0.000
321,29.178,1118.154,14.218,1277.999,0.000
322,29.373,1048.403,15.558,1208.332,0.272
323,29.428,1044.169,15.644,1203.928,0.213
324,30.153,1191.115,13.804,1350.864,0.000
325,30.153,1191.115,13.804,1350.864,0.000
326,30.162,1153.587,14.410,1314.447,1.106
327,30.440,1011.770,17.133,1171.658,0.892
328,30.786,1574.040,7.386,1733.805,0.000
329,30.830,1316.381,12.230,1476.303,0.000
330,31.028,1354.985,11.845,1515.036,0.000
331,31.346,1689.014,6.154,1848.415,0.000
332,31.346,1689.014,6.154,1848.415,0.000
333,31.501,1655.927,6.376,1815.370,0.000
334,31.986,1560.907,8.543,1720.733,0.000
335,32.354,1709.920,6.307,1869.398,0.000
336,32.488,1090.817,18.145,1250.990,0.360
337,34.612,1178.710,18.778,1338.740,0.071
338,34.693,1324.899,16.148,1485.058,0.112
339,35.548,1012.538,22.546,1173.408,1.026
340,36.300,1267.549,17.967,1427.617,0.752
341,38.220,1502.838,16.083,1663.060,0.118
342,38.584,1743.912,12.126,1903.677,0.000
343,39.606,1306.948,22.126,1467.562,0.744
344,40.123,1186.300,23.895,1345.629,0.884
345,40.449,1013.852,26.642,1173.984,0.947
346,42.098,983.008,29.558,1143.671,1.213
347,42.196,1315.538,22.691,1476.018,0.857
348,43.021,1710.850,17.157,1870.826,0.027
349,44.080,1632.155,19.203,1792.474,0.611
350,45.321,1380.921,25.489,1541.678,0.240
351,46.229,1180.101,30.134,1340.677,0.235
352,46.906,1305.283,29.316,1465.523,0.895
353,46.969,1263.403,29.690,1423.065,0.827
354,47.227,1493.502,24.607,1654.332,1.021
355,47.515,1298.580,30.325,1459.778,1.069
356,47.790,1108.579,33.316,1269.481,0.475
357,48.099,1463.741,26.752,1624.393,0.397
358,49.117,989.054,35.953,1149.638,0.632
359,52.942,1205.540,36.763,1367.004,0.840
360,53.158,1152.216,37.342,1312.743,0.348
361,53.158,1152.216,37.342,1312.743,0.348
362,53.609,897.791,43.385,1059.124,0.927
363,55.561,1753.834,29.048,1914.504,0.322
364,55.949,1475.804,34.624,1636.554,0.186
365,57.113,984.086,44.911,1144.671,0.114
366,58.030,1391.485,38.247,1552.100,0.136
367,58.038,1165.451,42.566,1326.150,0.258
368,58.293,1350.070,38.687,1511.030,0.238
369,60.386,1132.625,45.251,1293.593,0.085
370,60.548,1621.326,37.359,1782.020,0.890
371,60.609,1706.192,35.002,1866.530,0.316
372,61.818,1659.627,37.159,1820.516,0.089
373,62.321,1032.277,49.085,1193.038,0.150
374,62.350,1297.809,44.071,1458.981,0.131
375,62.350,1297.809,44.071,1458.981,0.131
376,62.413,1293.100,44.113,1454.134,0.100
377,63.438,1555.072,40.396,1715.911,0.062
378,63.991,1018.863,51.238,1179.827,0.059
379,64.039,1164.081,48.570,1324.992,0.198
380,64.968,985.310,52.476,1146.279,0.135
381,65.327,1199.087,48.433,1360.377,0.508
382,65.439,1112.609,49.882,1273.620,0.847
383,65.657,1352.459,47.164,1512.723,1.259
384,66.108,1377.369,46.484,1538.374,0.141
385,66.441,1095.355,51.849,1256.380,0.234
386,66.611,1134.625,51.536,1295.660,0.058
387,66.801,1537.326,44.283,1697.622,1.000
388,67.971,1129.100,52.929,1290.334,0.046
389,68.338,979.438,56.107,1139.634,0.924
390,70.007,1468.542,48.960,1629.778,0.573
391,71.299,1086.065,57.064,1247.381,0.151
392,71.466,1141.289,56.072,1301.702,0.926
393,72.115,1705.292,46.451,1866.174,0.086
394,72.648,1305.816,54.897,1467.596,0.811
395,73.657,1624.085,49.968,1785.346,0.690
396,73.931,1194.627,57.592,1356.527,0.469
397,74.326,1500.115,52.391,1661.486,0.049
398,74.326,1500.115,52.391,1661.486,0.049
399,74.984,983.282,62.483,1144.379,0.502
400,76.125,1668.009,50.908,1829.132,0.086
401,76.550,1615.191,53.324,1775.650,1.249
402,77.977,1356.777,58.635,1519.203,0.920
403,81.124,1521.767,58.269,1683.484,0.689
404,81.438,1013.822,68.064,1175.505,1.052
405,81.553,1717.614,56.336,1878.842,0.980
406,82.362,1078.149,68.261,1239.583,0.197
407,82.843,996.713,69.923,1158.204,0.532
408,82.998,1290.466,64.821,1452.108,0.140
409,83.135,1672.604,57.676,1834.127,0.214
410,85.827,1384.790,66.127,1546.613,0.158
411,85.883,1020.255,73.074,1181.891,0.132
412,86.090,1447.264,64.963,1609.341,0.099
413,86.569,1340.598,67.566,1502.491,0.036
414,87.574,1236.666,70.622,1398.917,0.063
415,87.645,1204.230,71.909,1366.188,0.580
416,87.924,1188.066,71.694,1349.855,0.140
417,88.847,1402.035,68.476,1563.938,0.156
418,90.662,936.734,78.841,1098.854,0.742
419,90.926,1392.945,70.998,1554.954,0.044
420,91.583,1016.686,78.638,1178.609,0.057
421,91.686,1019.174,78.701,1181.405,0.058
422,92.045,1278.427,74.346,1439.480,1.029
423,92.764,1073.677,78.798,1235.609,0.024
424,92.764,1073.677,78.798,1235.609,0.024
425,92.793,953.925,81.449,1115.658,0.250
426,93.097,1022.892,80.338,1185.086,0.087
427,93.320,1447.260,72.252,1609.538,0.092
428,94.987,1613.073,70.886,1775.014,0.044
429,95.424,1040.907,81.615,1203.177,0.379
430,96.437,1085.802,81.992,1247.932,0.075
431,98.667,925.745,87.828,1088.783,1.148
432,98.691,1212.576,82.376,1374.911,0.261
433,98.691,1212.576,82.376,1374.911,0.261
434,98.837,908.146,87.803,1070.584,0.752
435,98.927,1192.011,82.438,1354.570,0.357
436,100.871,1308.062,82.989,1470.653,0.683
437,103.441,1216.043,85.926,1378.611,0.857
438,103.545,1154.194,88.767,1316.482,0.633
439,104.355,1171.969,87.754,1334.984,0.986
440,104.355,1171.969,87.754,1334.984,0.986
441,105.528,1422.754,85.002,1585.689,0.407
442,105.675,1395.823,85.631,1558.806,0.493
443,105.675,1395.823,85.631,1558.806,0.493
444,105.986,1643.649,81.572,1805.900,0.133
445,106.473,1523.678,83.165,1686.326,0.755
446,108.850,1449.350,87.853,1611.305,0.596
447,109.248,1346.118,89.988,1508.287,0.369
448,109.835,1485.535,88.108,1648.317,0.408
449,110.389,1759.928,82.547,1922.088,0.997
450,110.389,1759.928,82.547,1922.088,0.997
451,110.615,1185.037,94.484,1347.616,0.136
452,111.494,1198.435,94.980,1361.214,0.201
453,111.510,1754.785,84.836,1917.043,0.095
454,112.087,1017.642,99.334,1181.167,0.895
455,113.543,1290.865,95.480,1453.536,0.157
456,115.695,948.459,103.843,1111.037,0.275
457,115.893,1081.732,101.727,1244.696,0.064
458,117.072,1008.644,104.015,1171.954,0.907
459,117.147,1090.386,102.934,1253.084,0.137
460,117.147,1419.182,96.390,1582.026,0.514
461,118.618,1168.356,103.150,1331.251,0.187
462,119.106,1717.559,93.028,1880.547,0.522
463,120.101,1042.303,106.051,1205.432,0.491
464,121.402,1396.968,100.468,1559.952,1.104
465,121.681,1241.038,104.491,1404.308,0.116
466,121.958,1527.227,99.137,1689.927,0.464
467,123.462,1213.418,105.987,1376.433,0.710
468,125.032,1595.724,101.253,1758.625,0.037
469,128.530,1376.376,108.856,1538.721,0.917
470,128.571,1656.150,103.760,1818.969,0.055
471,128.611,1506.807,107.237,1670.135,0.924
472,128.892,1462.497,107.301,1624.765,0.920
473,129.383,995.720,116.376,1160.169,0.858
474,130.826,908.060,119.955,1071.662,0.105
475,132.004,1012.211,119.225,1174.828,0.811
476,132.370,1644.932,106.723,1808.036,0.856
477,132.370,1644.932,106.723,1808.036,0.856
478,132.388,1487.159,109.735,1650.469,0.872
479,133.367,987.682,120.872,1152.040,0.929
480,133.440,1298.324,115.065,1461.182,0.604
481,133.791,1078.823,119.497,1242.773,0.443
482,133.848,1340.189,114.773,1502.731,0.782
483,134.492,1366.203,114.394,1528.923,1.107
484,139.019,1106.206,124.781,1269.664,0.438
485,139.019,1106.206,124.781,1269.664,0.438
486,139.205,924.118,128.071,1087.995,0.187
487,139.796,1681.308,114.357,1844.531,0.310
488,140.189,944.645,127.863,1109.357,1.188
489,142.687,1500.890,120.618,1664.152,0.394
490,143.019,967.083,131.012,1130.927,0.071
491,144.230,1442.325,123.284,1605.819,0.173
492,144.964,1415.309,125.102,1578.983,0.685
493,146.329,1002.161,132.967,1165.970,0.736
494,146.529,1083.186,133.239,1247.081,0.904
495,146.529,1083.186,133.239,1247.081,0.904
496,146.935,1051.383,133.505,1215.160,0.192
497,147.399,1273.147,128.984,1436.997,0.826
498,148.835,1510.083,126.548,1673.619,0.184
499,151.099,1465.349,129.454,1628.505,1.069
500,152.783,1521.833,130.665,1685.610,0.398
501,153.073,1118.805,138.429,1283.204,0.096
502,153.135,1123.888,138.172,1288.191,0.061
503,153.135,1123.888,138.172,1288.191,0.061
504,153.985,1653.748,128.922,1817.763,0.042
505,154.148,1206.586,136.776,1370.864,0.773
506,154.829,1002.791,142.365,1166.914,0.203
507,155.725,1107.989,141.408,1272.295,0.267
508,155.823,996.214,142.719,1160.025,1.085
509,157.358,1502.456,134.907,1665.742,0.921
510,158.139,1157.449,141.819,1320.839,1.217
511,158.321,1512.757,136.003,1676.822,0.196
512,158.588,1403.935,139.055,1568.212,0.826
513,158.909,1117.965,144.191,1282.686,0.286
514,159.380,1399.120,139.006,1563.495,0.148
515,160.075,792.145,151.449,956.397,0.165
516,161.096,1123.758,146.139,1288.632,0.388
517,161.548,1544.950,138.514,1709.265,0.142
518,163.415,1488.592,140.815,1653.225,0.946
519,163.663,1752.887,136.788,1916.606,0.071
520,164.003,1648.406,138.982,1811.709,0.807
521,165.987,1011.844,153.119,1176.475,0.140
522,166.481,1074.842,151.507,1239.360,1.073
523,167.161,1059.862,152.639,1224.357,0.940
524,167.825,874.653,157.650,1040.213,0.964
525,168.960,1185.995,152.760,1350.595,0.161
526,170.307,1143.706,154.736,1308.472,0.266
527,171.037,1108.552,156.635,1274.254,0.889
528,171.545,1512.187,150.204,1676.145,0.961
529,172.363,978.052,159.954,1143.052,0.126
530,172.523,1495.769,150.712,1660.973,0.693
531,172.678,1244.456,156.340,1409.318,0.900
532,174.127,1445.694,152.886,1610.489,0.295
533,174.657,1008.634,161.925,1173.701,0.077
534,174.774,1091.031,160.157,1256.034,0.369
535,174.836,1000.362,162.303,1165.300,0.225
536,174.886,1004.929,162.231,1169.896,0.119
537,175.652,1303.367,157.452,1467.529,1.035
538,175.798,1073.164,161.716,1238.177,0.010
539,176.352,1015.226,163.478,1180.278,0.052
540,176.738,1349.000,157.428,1513.733,0.092
541,177.693,1150.592,162.608,1315.685,0.428
542,177.956,1482.767,156.498,1647.366,0.269
543,178.509,1119.813,163.598,1284.860,0.022
544,179.040,1463.466,157.523,1628.398,0.140
545,179.092,1313.010,160.016,1477.842,0.595
546,179.112,1430.216,158.664,1594.819,0.357
547,180.464,1034.747,166.916,1200.078,0.234
548,183.296,1113.677,167.617,1278.971,0.933
549,184.624,953.273,172.667,1118.199,0.420
550,185.256,1464.813,163.561,1629.950,0.550
551,186.013,1137.383,170.733,1302.155,0.708
552,186.013,1137.383,170.733,1302.155,0.708
553,187.892,1285.210,169.907,1450.517,0.104
554,188.170,1677.034,162.576,1841.965,0.132
555,188.881,1014.961,175.826,1180.098,0.505
556,189.435,1764.160,162.267,1928.608,0.107
557,190.360,1535.766,166.721,1701.004,0.877
558,190.538,1528.885,167.889,1693.981,0.295
559,190.999,1098.032,176.223,1263.264,0.382
560,191.110,1534.596,168.439,1700.050,0.094
561,192.247,1541.361,169.320,1706.401,0.087
562,194.858,1755.679,168.004,1921.402,0.950
563,195.494,1493.944,173.413,1659.500,0.190
564,196.549,1034.691,184.043,1201.447,1.224
565,196.859,1727.232,170.423,1892.345,0.196
566,197.038,1001.089,184.450,1166.674,0.287
567,199.164,1052.434,184.867,1218.132,0.710
568,200.059,1094.389,185.464,1260.205,0.169
569,200.106,1521.146,177.093,1686.072,0.851
570,200.222,908.101,189.190,1074.039,0.031
571,200.275,1692.648,174.641,1857.874,0.217
572,200.466,1089.233,185.915,1255.160,0.159
573,200.714,1007.599,187.919,1173.475,0.097
574,200.982,1111.033,186.565,1276.778,0.206
575,201.424,1316.968,182.195,1482.424,0.602
576,202.566,1645.907,178.560,1811.203,1.133
577,203.504,1000.561,191.132,1166.627,0.181
578,203.625,1671.675,179.265,1837.239,0.803
579,204.092,997.547,191.567,1163.548,0.213
580,205.462,1026.105,192.341,1192.066,0.088
581,205.462,1026.105,192.341,1192.066,0.088
582,205.865,1748.861,178.898,1914.168,0.230
583,205.865,1748.861,178.898,1914.168,0.230
584,207.572,1581.727,184.296,1748.262,1.098
585,207.580,967.202,195.509,1133.504,0.107
586,207.930,1447.566,186.941,1613.981,0.703
587,208.035,1530.345,185.051,1696.051,0.617
588,208.267,1510.993,185.941,1676.676,0.106
589,208.315,1387.000,187.626,1553.046,0.969
590,208.342,1270.828,189.696,1436.812,0.842
591,208.849,1632.742,184.560,1798.395,0.349
592,210.516,1015.285,197.605,1181.608,0.167
593,210.913,1299.785,192.422,1465.911,0.179
594,211.685,1005.326,198.876,1170.739,0.906
595,212.990,1029.357,199.673,1194.708,0.915
596,215.088,1537.253,192.645,1703.355,0.179
597,215.644,1523.197,193.456,1689.094,0.327
598,216.131,1127.160,200.915,1293.662,0.171
599,217.009,1076.938,202.928,1244.320,0.892
600,217.028,1478.038,195.707,1643.921,0.357
601,219.895,846.678,210.509,1013.410,0.272
602,220.659,1502.861,198.690,1669.294,0.119
603,221.129,1192.674,204.766,1359.446,0.361
604,221.156,1416.141,199.965,1582.428,0.582
605,222.047,1299.282,203.071,1464.910,1.003
606,222.208,1040.292,208.358,1206.738,0.575
607,223.201,1094.323,208.417,1260.966,0.281
608,223.374,1310.417,204.088,1476.133,1.047
609,224.150,1009.072,211.418,1174.872,0.679
610,226.384,1156.765,210.258,1323.766,0.426
611,226.600,1494.092,204.701,1660.691,0.212
612,226.867,1477.684,205.434,1644.018,0.187
613,228.364,1729.188,201.647,1895.283,0.190
614,229.609,1104.564,215.026,1272.343,0.949
615,229.609,1104.564,215.026,1272.343,0.949
616,229.641,1333.093,210.693,1499.163,0.720
617,230.044,1293.213,212.139,1459.986,0.177
618,230.432,991.206,217.315,1158.150,0.576
619,230.442,1212.688,213.157,1380.264,1.056
620,230.544,1208.326,214.314,1374.884,0.343
621,230.919,1050.626,217.285,1217.480,0.115
622,230.960,795.856,222.273,962.803,0.522
623,231.123,1645.319,206.585,1810.734,0.951
624,231.528,1548.820,209.449,1715.274,1.267
625,232.102,978.558,219.595,1145.699,0.243
626,232.370,785.258,223.235,951.326,0.866
627,232.746,1134.748,217.395,1301.709,0.250
628,233.300,1351.023,213.756,1518.452,0.973
629,233.870,1504.714,211.463,1671.451,0.388
630,234.207,1137.358,218.584,1304.439,0.315
631,234.467,1500.286,211.633,1666.589,1.018
632,234.729,1495.269,213.035,1661.741,0.994
633,234.754,1107.063,220.151,1274.108,0.100
634,235.188,985.932,222.336,1153.130,0.417
635,235.395,1096.112,220.367,1263.393,0.494
636,237.227,1126.178,222.156,1293.634,0.136
637,237.387,1624.530,212.576,1792.127,0.712
638,237.668,1325.755,219.126,1493.273,0.792
639,238.301,1333.102,219.472,1499.722,0.117
640,239.429,914.914,228.124,1082.330,0.247
641,239.682,948.623,228.240,1116.117,0.207
642,240.811,1308.894,222.113,1476.100,0.539
643,242.045,1072.874,228.131,1241.080,0.691
644,242.776,1511.535,220.403,1679.223,0.923
645,242.816,1158.158,227.255,1325.331,0.105
646,244.538,1615.697,221.090,1782.474,0.919
647,247.565,1514.445,225.175,1681.339,0.000
648,248.111,1663.080,222.937,1830.066,0.000
649,248.502,1589.296,224.703,1756.307,0.000
650,248.502,1589.296,224.703,1756.307,0.000
651,248.840,1503.370,226.420,1670.347,0.000
652,249.033,1585.552,225.262,1752.487,0.000
653,249.223,1419.055,228.739,1586.658,0.000
654,249.522,1237.900,232.525,1405.460,0.000
655,251.193,1188.121,235.022,1355.721,0.000
656,251.462,1084.240,237.250,1252.226,0.000
657,251.699,1346.879,232.512,1514.445,0.000
658,252.015,1730.854,225.312,1897.659,0.000
659,252.867,1438.990,231.474,1606.530,0.000
660,255.765,832.272,246.533,999.696,0.000
661,27.106,1565.031,3.891,1724.635,0.000
662,29.129,1600.773,5.296,1760.292,0.000
663,30.785,1574.048,7.382,1733.802,0.000
664,31.336,1689.019,6.160,1848.412,0.000
665,31.502,1655.930,6.350,1815.358,0.000
666,31.985,1560.908,8.548,1720.730,0.000
667,32.355,1709.921,6.301,1869.395,0.000
668,41.582,1815.534,13.537,1975.530,0.000
669,44.081,1632.155,19.205,1792.473,0.611
670,45.866,1842.973,18.019,2002.756,0.698
671,49.207,1589.120,24.826,1749.484,0.823
672,49.988,1820.622,21.885,1981.151,0.193
673,50.060,1600.645,26.165,1761.171,0.189
674,53.454,1827.623,25.226,1988.227,0.311
675,54.334,1804.241,26.439,1963.729,0.913
676,55.551,1753.834,29.061,1914.503,0.322
677,57.607,1815.512,30.228,1976.290,0.925
678,58.175,1787.381,30.670,1946.784,0.868
679,58.745,1840.467,30.507,1999.977,1.029
680,58.838,1640.258,34.261,1799.955,0.860
681,59.680,1829.772,31.373,1990.529,0.427
682,59.707,1836.893,32.024,1997.469,0.644
683,60.677,1796.115,33.137,1955.769,0.762
684,63.427,1555.070,40.401,1715.915,0.062
685,64.936,1859.381,36.162,2018.987,0.738
686,64.936,1859.381,36.162,2018.987,0.738
687,68.084,1839.189,39.576,1999.714,0.270
688,71.050,1868.621,42.313,2029.995,0.807
689,71.670,1824.545,44.269,1986.208,1.260
690,72.081,1843.532,43.440,2005.120,0.921
691,72.112,1705.293,46.456,1866.177,0.086
692,76.096,1668.011,50.928,1829.132,0.086
693,76.551,1615.195,53.326,1775.652,1.249
694,77.195,1836.072,48.667,1996.981,0.241
695,78.266,1824.983,50.022,1986.075,0.122
696,80.320,1855.094,50.794,2016.001,0.831
697,81.239,1678.908,55.716,1840.433,0.375
698,83.129,1672.607,57.683,1834.125,0.214
699,83.129,1672.607,57.683,1834.125,0.214
700,84.312,1829.109,56.054,1990.670,0.294
701,84.408,1811.529,56.490,1973.042,0.200
702,84.789,1826.402,56.410,1986.861,0.808
703,86.336,1832.294,57.684,1992.912,0.674
704,89.339,1835.498,60.920,1996.469,0.511
705,92.325,1846.963,62.720,2008.669,0.922
706,96.153,1756.592,69.290,1918.764,0.661
707,96.444,1825.795,68.074,1987.470,0.173
708,96.555,1800.700,69.116,1963.348,0.910
709,100.388,1841.603,71.570,2003.387,0.310
710,100.622,1800.508,73.237,1963.143,0.961
711,100.812,1588.347,77.072,1749.507,1.004
712,105.873,1801.974,78.142,1964.031,0.146
713,106.482,1825.217,78.268,1987.335,0.138
714,107.974,1744.959,81.744,1906.837,0.309
715,110.365,1759.918,82.540,1922.084,0.997
716,110.365,1759.918,82.540,1922.084,0.997
717,111.524,1824.399,84.223,1986.585,0.829
718,112.877,1842.897,84.583,2004.687,0.502
719,114.205,1853.241,85.558,2015.303,0.258
720,114.205,1853.241,85.558,2015.303,0.258
721,116.669,1861.370,87.643,2022.788,0.791
722,117.150,1825.986,88.804,1988.788,0.472
723,118.388,1680.997,92.204,1841.537,2.166
724,118.388,1680.997,92.204,1841.537,2.166
725,118.873,1820.875,90.789,1983.451,0.437
726,119.107,1717.561,93.035,1880.549,0.522
727,119.263,1872.754,90.356,2035.263,0.000
728,121.401,1819.773,93.474,1982.959,0.655
729,125.025,1595.727,101.254,1758.627,0.037
730,125.870,1855.430,97.225,2017.840,0.241
731,127.873,1845.740,99.910,2009.204,0.945
732,131.389,1823.772,103.238,1986.667,0.043
733,132.379,1644.929,106.718,1808.034,0.856
734,132.379,1644.929,106.718,1808.034,0.856
735,132.731,1603.249,108.815,1766.465,0.075
736,136.675,1839.548,108.597,2002.677,0.594
737,136.744,1858.988,107.987,2022.076,0.057
738,137.141,1830.200,109.094,1993.493,0.123
739,141.268,1801.417,113.265,1963.719,1.275
740,142.425,1781.789,114.569,1945.071,0.490
741,142.857,1830.340,114.507,1992.759,0.824
742,144.650,1632.157,120.781,1795.719,0.656
743,146.142,1744.153,119.558,1907.501,0.237
744,146.169,1814.136,117.557,1976.655,1.324
745,147.824,1825.925,120.250,1989.849,0.936
746,148.635,1796.547,121.537,1960.652,0.579
747,148.948,1793.206,122.050,1955.943,0.950
748,150.437,1860.812,121.478,2024.782,0.572
749,153.013,1854.579,124.529,2018.821,0.447
750,155.497,1713.851,129.395,1877.348,0.181
751,157.676,1876.412,128.632,2040.219,0.000
752,158.782,1859.522,129.901,2024.145,0.913
753,159.465,1804.218,130.852,1967.949,0.828
754,160.307,1605.984,136.421,1769.951,0.050
755,162.197,1736.879,134.956,1900.859,0.633
756,164.000,1648.407,138.974,1811.708,0.807
757,164.436,1807.497,135.642,1971.379,0.899
758,166.110,1815.980,138.431,1979.401,0.164
759,167.050,1851.865,137.953,2015.875,0.604
760,167.395,1842.850,138.346,2006.971,0.217
761,169.215,1805.699,140.765,1969.666,0.840
762,169.520,1837.508,141.406,2002.518,1.345
763,170.114,1723.579,143.654,1887.819,0.105
764,178.131,1793.168,150.692,1956.756,0.796
765,183.321,1582.312,158.894,1747.218,0.801
766,184.350,1794.847,156.012,1960.093,0.964
767,184.350,1794.847,156.012,1960.093,0.964
768,185.964,1803.339,157.786,1967.633,0.851
769,186.456,1811.757,157.822,1977.149,1.118
770,188.166,1677.031,162.574,1841.963,0.132
771,188.468,1636.831,163.122,1801.647,0.609
772,189.482,1764.200,162.285,1928.611,0.107
773,190.153,1822.095,161.917,1986.857,0.044
774,190.721,1764.533,164.519,1929.916,1.406
775,190.721,1764.533,164.519,1929.916,1.406
776,193.424,1830.180,164.951,1995.085,0.118
777,194.396,1803.802,166.647,1968.695,0.214
778,194.493,1733.451,167.329,1898.357,0.403
779,194.501,1798.302,167.086,1963.031,0.257
780,194.865,1755.680,167.988,1921.411,0.950
781,196.791,1813.316,169.004,1978.431,0.133
782,199.044,1827.149,170.968,1992.384,0.151
783,199.215,1795.047,170.791,1959.940,0.724
784,199.629,1824.068,171.551,1989.370,0.120
785,200.281,1692.650,174.638,1857.874,0.217
786,202.540,1645.909,178.545,1811.189,1.133
787,202.854,1553.133,179.852,1718.379,0.437
788,204.522,1818.017,176.703,1983.745,0.266
789,205.251,1813.323,177.396,1977.916,0.735
790,205.865,1748.859,178.892,1914.178,0.230
791,205.865,1748.859,178.892,1914.178,0.230
792,206.186,1809.182,178.464,1974.666,0.262
793,209.574,1866.414,181.221,2031.396,1.001
794,211.148,1815.543,183.036,1981.608,0.581
795,211.652,1860.988,183.421,2027.223,1.304
796,211.933,1805.765,184.266,1971.984,0.618
797,214.750,1792.363,187.965,1957.630,1.688
798,216.432,1798.416,187.837,1964.107,0.810
799,217.412,1848.442,188.130,2013.917,0.573
800,218.604,1825.983,190.516,1992.074,0.261
801,229.974,1795.080,202.857,1961.397,0.414
802,231.663,1810.948,204.079,1977.251,0.106
803,232.256,1835.084,203.489,2000.771,0.985
804,239.631,1814.374,211.737,1980.378,0.491
805,239.666,1804.530,212.247,1971.278,0.257
806,239.854,1793.280,212.407,1959.163,0.752
807,242.607,1807.393,214.824,1973.323,0.620
808,243.816,1852.128,215.665,2018.807,0.418
809,244.140,1821.886,215.855,1988.403,0.154
810,244.519,1615.700,221.079,1782.478,0.919
811,246.400,1857.636,217.357,2025.349,0.901
812,248.122,1663.082,222.896,1830.066,0.000
813,248.497,1589.300,224.702,1756.310,0.000
814,248.497,1589.300,224.702,1756.310,0.000
815,249.036,1585.554,225.257,1752.484,0.000
816,249.541,1800.338,221.829,1967.020,0.000
817,250.782,1842.880,222.309,2009.558,0.000
818,251.185,1826.468,222.991,1993.392,0.000
819,251.185,1826.468,222.991,1993.392,0.000
820,252.022,1730.850,225.311,1897.658,0.000
821,252.738,1803.417,224.990,1970.095,0.000
